7.370050670300940965e+00 6.384391992159921259e+00 8.005335611746470903e+00 8.710775155275390702e+00 1.062206409692390530e+01 1.371527373759198731e+01 1.723072484719834918e+01 1.446889266165349852e+01 1.170674341684419595e+01 1.107867602186480127e+01 6.836434578222233327e+00 6.360046813753542416e+00
4.266983340911729705e+00 6.650483701238963263e+00 8.595246486007411590e+00 1.056305639268927088e+01 1.073541550965097180e+01 1.279684972830053091e+01 1.477931625089304291e+01 1.499274434644588538e+01 1.309764534734921781e+01 8.827324201658973024e+00 8.140804463411550174e+00 5.149706192337353272e+00
3.271641688918337287e+00 5.122202553160478899e+00 7.256382750973754625e+00 8.259019013668513765e+00 1.089959614771133722e+01 1.299054014755851405e+01 1.502283905059816149e+01 1.668726744162110265e+01 1.253862698418785548e+01 9.770678565723439846e+00 8.455148761756788645e+00 7.292040186575679428e+00
4.927058314047536136e+00 5.565505963252186383e+00 6.014571047679936555e+00 9.149603482136765109e+00 9.011599699960399334e+00 1.403447960740359512e+01 1.538852699653448575e+01 1.688490683210681098e+01 1.212483870095960903e+01 1.087052565823838002e+01 8.139631685910947212e+00 5.884933518027449573e+00
3.457449933981379342e+00 4.524244567458099553e+00 6.796218273315212777e+00 8.562854319001099057e+00 9.135943499924282563e+00 1.368060906014803102e+01 1.445347530991993423e+01 1.634562605371333888e+01 1.426958276627621025e+01 8.615323065011271098e+00 5.779255806802460427e+00 5.329131918064738294e+00
5.110387882398035764e+00 6.783867309042866722e+00 6.484228848987796390e+00 7.099956676775879494e+00 1.091205395448598026e+01 1.182014265188086277e+01 1.622722301214058049e+01 1.545855572243877063e+01 1.381829574163452001e+01 1.141162228739518802e+01 8.584726770035601362e+00 7.317033853736846005e+00
6.311744961778398277e+00 5.266845590754443585e+00 6.965215841009789521e+00 9.427931351796765114e+00 1.009387966572844597e+01 1.311052751699245711e+01 1.648554888712172328e+01 1.556808650350851764e+01 1.321740347951909378e+01 9.458722857102882742e+00 7.402082236082784483e+00 7.274017353865065871e+00
7.649953264315756840e+00 3.884716017108964969e+00 7.387419404207284934e+00 7.821864422788849858e+00 1.198348533191062160e+01 1.249523743361685035e+01 1.475717611590687639e+01 1.488912781961773746e+01 1.275642704670685745e+01 1.027879928656145658e+01 6.458009641836419235e+00 7.357712120285211377e+00
4.621435738850761865e+00 5.325914740329970698e+00 6.749112594386022401e+00 9.175876679035269490e+00 1.104832939609169351e+01 1.334949654419595966e+01 1.484450586517205650e+01 1.600519209921286645e+01 1.375044169460301013e+01 8.890662766762087443e+00 7.527397969354298723e+00 8.554490558552643620e+00
4.989540784487383362e+00 4.414817145223002726e+00 7.834500665793693308e+00 8.637385710602529798e+00 1.069043585365441196e+01 1.441530178774579873e+01 1.508161522428645185e+01 1.561157909429178403e+01 1.429060799976920748e+01 1.107797107588053187e+01 9.321419421371071934e+00 5.986767898876998117e+00
6.355709254099370931e+00 5.005604738747047477e+00 5.685222147831311190e+00 7.910818496062297811e+00 1.013039533887902266e+01 1.385285936228476800e+01 1.541239757868081917e+01 1.371902285052663117e+01 1.241904587130542836e+01 9.223297788460040891e+00 6.930058127587962247e+00 6.593587709403807118e+00
5.941491964559119765e+00 5.912508993121885048e+00 6.636820710164192505e+00 7.986004601730714469e+00 1.130951117521293803e+01 1.372869022676041517e+01 1.596489117329804408e+01 1.612017579218959540e+01 1.368463927016525261e+01 1.040002316533853666e+01 6.623223493975686438e+00 4.896363297746903598e+00
4.356585876855937123e+00 5.850625977279038992e+00 5.153172001607313923e+00 9.474252357463463170e+00 1.071263109642590372e+01 1.288125199507122787e+01 1.492198110451005810e+01 1.668655400505483044e+01 1.286554665060977065e+01 1.062972056670580123e+01 7.348432068330324363e+00 6.079433449930367495e+00
4.098887272697862016e+00 5.280392916287778071e+00 6.207007001997276063e+00 9.078433440533586918e+00 1.014067790722251416e+01 1.120261117369202175e+01 1.496358138095424017e+01 1.550073896200028578e+01 1.450425874152369055e+01 1.158344474173455474e+01 8.349687163568692227e+00 6.791702419677414504e+00
4.549504318721760754e+00 4.514855898879654994e+00 7.137310962678633075e+00 7.547279510637349809e+00 8.057027322411331127e+00 1.347318819292681269e+01 1.586303388780856416e+01 1.430747172669766343e+01 1.300396273940057768e+01 9.391709164156502254e+00 7.802305747719767481e+00 7.028016695062106578e+00
5.497306868236296218e+00 4.461632323772436237e+00 7.520739028532269721e+00 8.973122928930136410e+00 1.123450625822599847e+01 1.340017991598718972e+01 1.475631144037601317e+01 1.576160467446350744e+01 1.320787882957305470e+01 1.131822805224164341e+01 7.997432221057284352e+00 6.657471598464209883e+00
5.537624599038958095e+00 5.079784670469734031e+00 6.706357965703500845e+00 7.572641665466312233e+00 1.016126309711727593e+01 1.330935380218049069e+01 1.506588543479154652e+01 1.668721384823793841e+01 1.278571632403256508e+01 1.328352518943929539e+01 6.974075490108993414e+00 6.957792681956201264e+00
4.984773846549479970e+00 5.350598312807679946e+00 6.657695922584030868e+00 8.958113989139006250e+00 1.017811657399080616e+01 1.146796188874842670e+01 1.519948812303343821e+01 1.675811593153739310e+01 1.266806332120496670e+01 8.429224290933227337e+00 6.830430887802547701e+00 6.296982344319865810e+00
5.002482467048322334e+00 6.740327294280503700e+00 7.487426623366797429e+00 9.311415785308881254e+00 1.219697540223953247e+01 1.289109643598430388e+01 1.655025817809491784e+01 1.306001264644929805e+01 1.476840410529049841e+01 1.090389750168940708e+01 8.447540392106322571e+00 5.283430479551909364e+00
6.909985141611021398e+00 5.016138659160202629e+00 7.415435396672940271e+00 9.247814124482051312e+00 1.201296057221952474e+01 1.384276071884490555e+01 1.490747555071651220e+01 1.769085956596610387e+01 1.299725966406053779e+01 1.049516763840348865e+01 9.456153812964448235e+00 6.134352284500221408e+00
